5 16 0 306082
6 16 0 306082
7 16 0 306082
5 17 0 306082
6 17 0 306082
7 17 0 306082
5 18 0 5b6ee1
6 18 0 5b6ee1
7 18 0 5b6ee1
5 19 0 5b6ee1
6 19 0 5b6ee1
7 19 0 5b6ee1
6 20 0 639bff
7 20 0 639bff
8 20 0 639bff
12 20 0 5b6ee1
13 20 0 5b6ee1
14 20 0 5b6ee1
6 21 0 639bff
7 21 0 639bff
8 21 0 639bff
12 21 0 5b6ee1
13 21 0 5b6ee1
14 21 0 5b6ee1
8 22 0 5b6ee1
9 22 0 5b6ee1
10 22 0 5b6ee1
11 22 0 639bff
12 22 0 639bff
13 22 0 639bff
8 23 0 5b6ee1
9 23 0 5b6ee1
10 23 0 5b6ee1
11 23 0 639bff
12 23 0 639bff
13 23 0 639bff
5 16 1 ac3232
6 16 1 ac3232
5 17 1 d95763
6 17 1 d95763
5 18 1 d95763
6 18 1 d95763
5 19 1 d95763
6 19 1 d95763
7 20 1 ac3232
8 20 1 ac3232
12 20 1 76428a
13 20 1 76428a
7 21 1 ac3232
8 21 1 ac3232
12 21 1 76428a
13 21 1 76428a
7 22 1 ac3232
8 22 1 ac3232
9 22 1 d95763
10 22 1 d95763
11 22 1 d95763
12 22 1 76428a
13 22 1 76428a
9 23 1 d95763
10 23 1 d95763
11 23 1 d95763
8 10 0 5b6ee1
9 10 0 5b6ee1
10 10 0 5b6ee1
11 10 0 639bff
12 10 0 639bff
13 10 0 639bff
8 11 0 5b6ee1
9 11 0 5b6ee1
10 11 0 5b6ee1
11 11 0 639bff
12 11 0 639bff
13 11 0 639bff
6 12 0 639bff
7 12 0 639bff
8 12 0 639bff
12 12 0 5b6ee1
13 12 0 5b6ee1
14 12 0 5b6ee1
6 13 0 639bff
7 13 0 639bff
8 13 0 639bff
12 13 0 5b6ee1
13 13 0 5b6ee1
14 13 0 5b6ee1
5 14 0 5b6ee1
6 14 0 5b6ee1
7 14 0 5b6ee1
5 15 0 5b6ee1
6 15 0 5b6ee1
7 15 0 5b6ee1
9 10 1 ac3232
10 10 1 ac3232
11 10 1 ac3232
7 11 1 d95763
8 11 1 d95763
9 11 1 ac3232
10 11 1 ac3232
11 11 1 ac3232
12 11 1 d95763
13 11 1 d95763
7 12 1 d95763
8 12 1 d95763
12 12 1 d95763
13 12 1 d95763
7 13 1 d95763
8 13 1 d95763
12 13 1 d95763
13 13 1 d95763
5 14 1 ac3232
6 14 1 ac3232
5 15 1 ac3232
6 15 1 ac3232
17 10 0 5b6ee1
18 10 0 5b6ee1
19 10 0 5b6ee1
25 10 0 5b6ee1
26 10 0 5b6ee1
27 10 0 5b6ee1
17 11 0 5b6ee1
18 11 0 5b6ee1
19 11 0 5b6ee1
25 11 0 5b6ee1
26 11 0 5b6ee1
27 11 0 5b6ee1
17 12 0 639bff
18 12 0 639bff
19 12 0 639bff
25 12 0 639bff
26 12 0 639bff
27 12 0 639bff
30 12 0 639bff
31 12 0 639bff
17 13 0 639bff
18 13 0 639bff
19 13 0 639bff
25 13 0 639bff
26 13 0 639bff
27 13 0 639bff
30 13 0 639bff
31 13 0 639bff
17 14 0 5b6ee1
18 14 0 5b6ee1
19 14 0 5b6ee1
25 14 0 5b6ee1
26 14 0 5b6ee1
27 14 0 5b6ee1
30 14 0 5b6ee1
31 14 0 5b6ee1
17 15 0 5b6ee1
18 15 0 5b6ee1
19 15 0 5b6ee1
21 15 0 639bff
22 15 0 639bff
23 15 0 639bff
25 15 0 5b6ee1
26 15 0 5b6ee1
27 15 0 5b6ee1
30 15 0 5b6ee1
31 15 0 5b6ee1
17 10 1 ac3232
18 10 1 ac3232
26 10 1 ac3232
27 10 1 ac3232
17 11 1 ac3232
18 11 1 ac3232
26 11 1 ac3232
27 11 1 ac3232
17 12 1 ac3232
18 12 1 ac3232
26 12 1 ac3232
27 12 1 ac3232
30 12 1 d95763
31 12 1 d95763
17 13 1 d95763
18 13 1 d95763
26 13 1 d95763
27 13 1 d95763
30 13 1 d95763
31 13 1 d95763
17 14 1 d95763
18 14 1 d95763
26 14 1 d95763
27 14 1 d95763
30 14 1 d95763
31 14 1 d95763
17 15 1 d95763
18 15 1 d95763
21 15 1 76428a
22 15 1 76428a
23 15 1 76428a
26 15 1 d95763
27 15 1 d95763
30 15 1 ac3232
31 15 1 ac3232
17 16 0 639bff
18 16 0 639bff
19 16 0 639bff
21 16 0 639bff
22 16 0 639bff
23 16 0 639bff
25 16 0 639bff
26 16 0 639bff
27 16 0 639bff
30 16 0 639bff
31 16 0 639bff
17 17 0 639bff
18 17 0 639bff
19 17 0 639bff
21 17 0 5b6ee1
22 17 0 5b6ee1
23 17 0 5b6ee1
25 17 0 639bff
26 17 0 639bff
27 17 0 639bff
30 17 0 639bff
31 17 0 639bff
17 18 0 5b6ee1
18 18 0 5b6ee1
19 18 0 5b6ee1
21 18 0 5b6ee1
22 18 0 5b6ee1
23 18 0 5b6ee1
25 18 0 5b6ee1
26 18 0 5b6ee1
27 18 0 5b6ee1
30 18 0 5b6ee1
31 18 0 5b6ee1
17 19 0 5b6ee1
18 19 0 5b6ee1
19 19 0 5b6ee1
20 19 0 306082
21 19 0 306082
23 19 0 306082
24 19 0 306082
25 19 0 5b6ee1
26 19 0 5b6ee1
27 19 0 5b6ee1
30 19 0 5b6ee1
31 19 0 5b6ee1
17 20 0 639bff
18 20 0 639bff
19 20 0 639bff
20 20 0 306082
21 20 0 306082
23 20 0 306082
24 20 0 306082
25 20 0 639bff
26 20 0 639bff
27 20 0 639bff
30 20 0 639bff
31 20 0 639bff
17 21 0 639bff
18 21 0 639bff
19 21 0 639bff
20 21 0 306082
21 21 0 306082
23 21 0 306082
24 21 0 306082
25 21 0 639bff
26 21 0 639bff
27 21 0 639bff
30 21 0 639bff
31 21 0 639bff
17 22 0 5b6ee1
18 22 0 5b6ee1
19 22 0 5b6ee1
25 22 0 5b6ee1
26 22 0 5b6ee1
27 22 0 5b6ee1
30 22 0 306082
31 22 0 306082
17 23 0 5b6ee1
18 23 0 5b6ee1
19 23 0 5b6ee1
25 23 0 5b6ee1
26 23 0 5b6ee1
27 23 0 5b6ee1
30 23 0 306082
31 23 0 306082
17 16 1 ac3232
18 16 1 ac3232
21 16 1 76428a
22 16 1 76428a
23 16 1 76428a
26 16 1 ac3232
27 16 1 ac3232
30 16 1 ac3232
31 16 1 ac3232
17 17 1 ac3232
18 17 1 ac3232
20 17 1 d95763
21 17 1 d95763
23 17 1 d95763
24 17 1 d95763
26 17 1 ac3232
27 17 1 ac3232
30 17 1 ac3232
31 17 1 ac3232
17 18 1 ac3232
18 18 1 ac3232
20 18 1 d95763
21 18 1 d95763
23 18 1 d95763
24 18 1 d95763
26 18 1 ac3232
27 18 1 ac3232
30 18 1 d95763
31 18 1 d95763
17 19 1 d95763
18 19 1 d95763
20 19 1 d95763
21 19 1 d95763
23 19 1 d95763
24 19 1 d95763
26 19 1 d95763
27 19 1 d95763
30 19 1 d95763
31 19 1 d95763
17 20 1 d95763
18 20 1 d95763
19 20 1 76428a
20 20 1 76428a
21 20 1 76428a
23 20 1 76428a
24 20 1 76428a
25 20 1 76428a
26 20 1 d95763
27 20 1 d95763
30 20 1 d95763
31 20 1 d95763
17 21 1 d95763
18 21 1 d95763
19 21 1 76428a
20 21 1 76428a
21 21 1 76428a
23 21 1 76428a
24 21 1 76428a
25 21 1 76428a
26 21 1 d95763
27 21 1 d95763
30 21 1 ac3232
31 21 1 ac3232
17 22 1 ac3232
18 22 1 ac3232
19 22 1 ac3232
25 22 1 ac3232
26 22 1 ac3232
27 22 1 ac3232
30 22 1 ac3232
31 22 1 ac3232
17 23 1 ac3232
18 23 1 ac3232
19 23 1 ac3232
25 23 1 ac3232
26 23 1 ac3232
27 23 1 ac3232
30 23 1 ac3232
31 23 1 ac3232
32 10 0 306082
33 10 0 306082
34 10 0 306082
35 10 0 5b6ee1
36 10 0 5b6ee1
37 10 0 5b6ee1
32 11 0 306082
33 11 0 306082
34 11 0 306082
35 11 0 5b6ee1
36 11 0 5b6ee1
37 11 0 5b6ee1
32 12 0 639bff
37 12 0 639bff
38 12 0 639bff
39 12 0 639bff
32 13 0 639bff
37 13 0 639bff
38 13 0 639bff
39 13 0 639bff
32 14 0 5b6ee1
37 14 0 5b6ee1
38 14 0 5b6ee1
39 14 0 5b6ee1
32 15 0 5b6ee1
37 15 0 5b6ee1
38 15 0 5b6ee1
39 15 0 5b6ee1
32 10 1 76428a
33 10 1 76428a
34 10 1 d95763
35 10 1 d95763
36 10 1 76428a
37 10 1 76428a
32 11 1 76428a
33 11 1 76428a
34 11 1 d95763
35 11 1 d95763
36 11 1 76428a
37 11 1 76428a
32 12 1 76428a
33 12 1 76428a
34 12 1 d95763
35 12 1 d95763
36 12 1 76428a
37 12 1 76428a
38 12 1 d95763
39 12 1 d95763
38 13 1 d95763
39 13 1 d95763
38 14 1 d95763
39 14 1 d95763
38 15 1 ac3232
39 15 1 ac3232
32 16 0 639bff
37 16 0 639bff
38 16 0 639bff
39 16 0 639bff
32 17 0 639bff
37 17 0 639bff
38 17 0 639bff
39 17 0 639bff
32 18 0 5b6ee1
37 18 0 5b6ee1
38 18 0 5b6ee1
39 18 0 5b6ee1
32 19 0 5b6ee1
37 19 0 5b6ee1
38 19 0 5b6ee1
39 19 0 5b6ee1
32 20 0 639bff
37 20 0 639bff
38 20 0 639bff
39 20 0 639bff
32 21 0 639bff
37 21 0 639bff
38 21 0 639bff
39 21 0 639bff
32 22 0 306082
37 22 0 306082
38 22 0 306082
39 22 0 306082
32 23 0 306082
37 23 0 306082
38 23 0 306082
39 23 0 306082
38 16 1 ac3232
39 16 1 ac3232
38 17 1 ac3232
39 17 1 ac3232
38 18 1 d95763
39 18 1 d95763
38 19 1 d95763
39 19 1 d95763
38 20 1 d95763
39 20 1 d95763
38 21 1 ac3232
39 21 1 ac3232
38 22 1 ac3232
39 22 1 ac3232
38 23 1 ac3232
39 23 1 ac3232
