0 0 0 3f3f74
1 0 0 3f3f74
2 0 0 3f3f74
3 0 0 ac3232
4 0 0 ac3232
5 0 0 6abe30
6 0 0 6abe30
7 0 0 6abe30
0 1 0 3f3f74
1 1 0 3f3f74
2 1 0 3f3f74
3 1 0 ac3232
4 1 0 ac3232
5 1 0 6abe30
6 1 0 6abe30
7 1 0 6abe30
0 2 0 d77bba
1 2 0 d77bba
3 2 0 ac3232
4 2 0 ac3232
6 2 0 fbf236
7 2 0 fbf236
0 3 0 d77bba
1 3 0 d77bba
3 3 0 306082
4 3 0 306082
6 3 0 fbf236
7 3 0 fbf236
0 4 0 d77bba
1 4 0 d77bba
3 4 0 306082
4 4 0 306082
6 4 0 fbf236
7 4 0 fbf236
0 5 0 45283c
1 5 0 45283c
3 5 0 306082
4 5 0 306082
6 5 0 847e87
7 5 0 847e87
0 6 0 45283c
1 6 0 45283c
6 6 0 847e87
7 6 0 847e87
0 7 0 45283c
1 7 0 45283c
6 7 0 847e87
7 7 0 847e87
