0 4 0 fbf236
1 4 0 fbf236
6 4 0 d9a066
7 4 0 d9a066
0 5 0 fbf236
1 5 0 fbf236
6 5 0 d9a066
7 5 0 d9a066
0 6 0 fbf236
1 6 0 fbf236
3 6 0 663931
4 6 0 663931
6 6 0 d9a066
7 6 0 d9a066
0 7 0 3f3f74
1 7 0 3f3f74
2 7 0 3f3f74
3 7 0 663931
4 7 0 663931
5 7 0 000000
6 7 0 000000
7 7 0 000000
0 8 0 3f3f74
1 8 0 3f3f74
2 8 0 3f3f74
3 8 0 663931
4 8 0 663931
5 8 0 000000
6 8 0 000000
7 8 0 000000
0 4 1 847e87
1 4 1 847e87
6 4 1 847e87
7 4 1 847e87
0 5 1 847e87
1 5 1 847e87
6 5 1 847e87
7 5 1 847e87
0 6 1 847e87
1 6 1 847e87
3 6 1 99e550
4 6 1 99e550
6 6 1 847e87
7 6 1 847e87
0 7 1 d95763
1 7 1 d95763
2 7 1 d95763
3 7 1 99e550
4 7 1 99e550
5 7 1 d95763
6 7 1 d95763
7 7 1 d95763
0 8 1 d95763
1 8 1 d95763
2 8 1 d95763
3 8 1 99e550
4 8 1 99e550
5 8 1 d95763
6 8 1 d95763
7 8 1 d95763
