0 0 0 639bff
1 0 0 639bff
2 0 0 5b6ee1
3 0 0 5b6ee1
4 0 0 5b6ee1
5 0 0 306082
6 0 0 306082
7 0 0 306082
0 1 0 639bff
1 1 0 639bff
2 1 0 5b6ee1
3 1 0 5b6ee1
4 1 0 5b6ee1
5 1 0 306082
6 1 0 306082
7 1 0 306082
0 2 0 639bff
1 2 0 639bff
2 2 0 5fcde4
3 2 0 5fcde4
2 3 0 5fcde4
3 3 0 5fcde4
4 3 0 cbdbfc
5 3 0 cbdbfc
2 4 0 5fcde4
3 4 0 5fcde4
4 4 0 cbdbfc
5 4 0 cbdbfc
4 5 0 cbdbfc
5 5 0 cbdbfc
6 5 0 639bff
7 5 0 639bff
0 6 0 306082
1 6 0 306082
2 6 0 306082
3 6 0 306082
4 6 0 306082
5 6 0 306082
6 6 0 639bff
7 6 0 639bff
0 7 0 306082
1 7 0 306082
2 7 0 306082
3 7 0 5b6ee1
4 7 0 5b6ee1
5 7 0 5b6ee1
6 7 0 639bff
7 7 0 639bff
0 0 1 5b6ee1
1 0 1 5b6ee1
2 0 1 306082
3 0 1 306082
4 0 1 306082
5 0 1 3f3f74
6 0 1 3f3f74
7 0 1 3f3f74
0 1 1 5b6ee1
1 1 1 5b6ee1
2 1 1 306082
3 1 1 306082
4 1 1 306082
5 1 1 3f3f74
6 1 1 3f3f74
7 1 1 3f3f74
0 2 1 5b6ee1
1 2 1 5b6ee1
2 2 1 639bff
3 2 1 639bff
2 3 1 639bff
3 3 1 639bff
4 3 1 5fcde4
5 3 1 5fcde4
2 4 1 639bff
3 4 1 639bff
4 4 1 5fcde4
5 4 1 5fcde4
4 5 1 5fcde4
5 5 1 5fcde4
6 5 1 5b6ee1
7 5 1 5b6ee1
0 6 1 3f3f74
1 6 1 3f3f74
2 6 1 3f3f74
3 6 1 306082
4 6 1 306082
5 6 1 306082
6 6 1 5b6ee1
7 6 1 5b6ee1
0 7 1 3f3f74
1 7 1 3f3f74
2 7 1 3f3f74
3 7 1 306082
4 7 1 306082
5 7 1 306082
6 7 1 5b6ee1
7 7 1 5b6ee1
