0 1 0 ffffff
1 1 0 ffffff
2 1 0 ffffff
3 1 0 df7126
4 1 0 df7126
5 1 0 df7126
6 1 0 d95763
7 1 0 d95763
0 2 0 ffffff
1 2 0 ffffff
2 2 0 ffffff
3 2 0 df7126
4 2 0 df7126
5 2 0 df7126
6 2 0 d95763
7 2 0 ac3232
4 3 0 d77bba
5 3 0 d77bba
6 3 0 d95763
7 3 0 ac3232
2 4 0 df7126
3 4 0 df7126
4 4 0 d77bba
5 4 0 d77bba
2 5 0 df7126
3 5 0 df7126
4 5 0 d77bba
5 5 0 d77bba
0 6 0 6abe30
1 6 0 6abe30
2 6 0 df7126
3 6 0 df7126
0 7 0 6abe30
1 7 0 6abe30
2 7 0 3f3f74
3 7 0 3f3f74
4 7 0 3f3f74
5 7 0 df7126
6 7 0 df7126
7 7 0 df7126
0 8 0 6abe30
1 8 0 6abe30
2 8 0 3f3f74
3 8 0 3f3f74
4 8 0 3f3f74
5 8 0 df7126
6 8 0 df7126
7 8 0 df7126
0 1 1 99e550
1 1 1 99e550
2 1 1 99e550
3 1 1 eec39a
4 1 1 eec39a
5 1 1 eec39a
6 1 1 ac3232
7 1 1 ac3232
0 2 1 99e550
1 2 1 99e550
2 2 1 99e550
3 2 1 eec39a
4 2 1 eec39a
5 2 1 eec39a
6 2 1 ac3232
7 2 1 ac3232
4 3 1 8f974a
5 3 1 8f974a
6 3 1 ac3232
7 3 1 ac3232
2 4 1 9badb7
3 4 1 9badb7
4 4 1 8f974a
5 4 1 8f974a
2 5 1 9badb7
3 5 1 9badb7
4 5 1 8f974a
5 5 1 8f974a
0 6 1 fbf236
1 6 1 fbf236
2 6 1 9badb7
3 6 1 9badb7
0 7 1 fbf236
1 7 1 fbf236
2 7 1 eec39a
3 7 1 eec39a
4 7 1 eec39a
5 7 1 000000
6 7 1 000000
7 7 1 000000
0 8 1 fbf236
1 8 1 fbf236
2 8 1 eec39a
3 8 1 eec39a
4 8 1 eec39a
5 8 1 000000
6 8 1 000000
7 8 1 000000
