# some comments
-12 -12 0 f0dc5c
-11 -12 0 f0dc5c
-7 -12 0 f8f070
-6 -12 0 f8f070
-5 -12 0 f0dc5c
-4 -12 0 f0dc5c
-3 -12 0 f0dc5c
-1 -12 0 e8cc4c
-12 -11 0 f0dc5c
-11 -11 0 f0dc5c
-7 -11 0 f8f070
-6 -11 0 f8f070
-5 -11 0 f0dc5c
-4 -11 0 f0dc5c
-3 -11 0 f0dc5c
-1 -11 0 e8cc4c
-12 -10 0 f0dc5c
-11 -10 0 f0dc5c
-7 -10 0 f8f070
-6 -10 0 f8f070
-1 -10 0 e8cc4c
-12 -9 0 e8cc4c
-11 -9 0 e8cc4c
-7 -9 0 f0dc5c
-6 -9 0 f0dc5c
-5 -9 0 f0dc5c
-1 -9 0 f0dc5c
-12 -8 0 e8cc4c
-11 -8 0 e8cc4c
-7 -8 0 f0dc5c
-6 -8 0 f0dc5c
-5 -8 0 f0dc5c
-1 -8 0 f0dc5c
-12 -7 0 e8cc4c
-11 -7 0 e8cc4c
-7 -7 0 f8f070
-6 -7 0 f8f070
-1 -7 0 f0dc5c
-14 -6 0 f8f070
-13 -6 0 f8f070
-12 -6 0 f8f070
-11 -6 0 f0dc5c
-10 -6 0 f0dc5c
-9 -6 0 f0dc5c
-7 -6 0 f8f070
-6 -6 0 f8f070
-5 -6 0 f0dc5c
-4 -6 0 f0dc5c
-3 -6 0 f0dc5c
-1 -6 0 f8f070
-14 -5 0 f8f070
-13 -5 0 f8f070
-12 -5 0 f8f070
-11 -5 0 f0dc5c
-10 -5 0 f0dc5c
-9 -5 0 f0dc5c
-7 -5 0 f8f070
-6 -5 0 f8f070
-5 -5 0 f0dc5c
-4 -5 0 f0dc5c
-3 -5 0 f0dc5c
-1 -5 0 f8f070
-12 -12 1 e0bc34
-11 -12 1 e0bc34
-7 -12 1 e8d04c
-6 -12 1 e8d04c
-5 -12 1 f0e060
-4 -12 1 f0e060
-3 -12 1 f0e060
-1 -12 1 e8d04c
-12 -11 1 e0bc34
-11 -11 1 e0bc34
-7 -11 1 e8d04c
-6 -11 1 e8d04c
-5 -11 1 f0e060
-4 -11 1 f0e060
-3 -11 1 f0e060
-1 -11 1 e8d04c
-12 -10 1 e0bc34
-11 -10 1 e0bc34
-7 -10 1 e8d04c
-6 -10 1 e8d04c
-1 -10 1 e8d04c
-12 -9 1 e8d04c
-11 -9 1 e8d04c
-7 -9 1 f0e060
-6 -9 1 f0e060
-5 -9 1 f0e060
-1 -9 1 f0e060
-12 -8 1 e8d04c
-11 -8 1 e8d04c
-7 -8 1 f0e060
-6 -8 1 f0e060
-5 -8 1 f0e060
-1 -8 1 f0e060
-12 -7 1 e8d04c
-11 -7 1 e8d04c
-7 -7 1 f8f074
-6 -7 1 f8f074
-1 -7 1 f0e060
-14 -6 1 f8f074
-13 -6 1 f8f074
-12 -6 1 f8f074
-11 -6 1 f0e060
-10 -6 1 f0e060
-9 -6 1 f0e060
-7 -6 1 f8f074
-6 -6 1 f8f074
-5 -6 1 f0e060
-4 -6 1 f0e060
-3 -6 1 f0e060
-1 -6 1 f8f074
-14 -5 1 f8f074
-13 -5 1 f8f074
-12 -5 1 f8f074
-11 -5 1 f0e060
-10 -5 1 f0e060
-9 -5 1 f0e060
-7 -5 1 f8f074
-6 -5 1 f8f074
-5 -5 1 f0e060
-4 -5 1 f0e060
-3 -5 1 f0e060
-1 -5 1 f8f074
0 -12 0 e8cc4c
4 -12 0 cc980c
5 -12 0 cc980c
6 -12 0 cc980c
0 -11 0 e8cc4c
4 -11 0 cc980c
5 -11 0 cc980c
6 -11 0 cc980c
0 -10 0 e8cc4c
2 -10 0 dcb834
3 -10 0 dcb834
4 -10 0 dcb834
5 -10 0 d4a81c
6 -10 0 d4a81c
0 -9 0 f0dc5c
2 -9 0 dcb834
3 -9 0 dcb834
4 -9 0 dcb834
5 -9 0 d4a81c
6 -9 0 d4a81c
0 -8 0 f0dc5c
1 -8 0 e8cc4c
2 -8 0 e8cc4c
3 -8 0 e8cc4c
5 -8 0 d4a81c
6 -8 0 d4a81c
0 -7 0 f0dc5c
1 -7 0 e8cc4c
2 -7 0 e8cc4c
3 -7 0 e8cc4c
5 -7 0 dcb834
6 -7 0 dcb834
0 -6 0 f8f070
1 -6 0 f8f070
5 -6 0 dcb834
6 -6 0 dcb834
0 -5 0 f8f070
1 -5 0 f8f070
5 -5 0 dcb834
6 -5 0 dcb834
0 -12 1 e8d04c
4 -12 1 d0980c
5 -12 1 d0980c
6 -12 1 d0980c
0 -11 1 e8d04c
4 -11 1 d0980c
5 -11 1 d0980c
6 -11 1 d0980c
0 -10 1 e8d04c
2 -10 1 e0bc34
3 -10 1 e0bc34
4 -10 1 e0bc34
5 -10 1 d8a820
6 -10 1 d8a820
0 -9 1 f0e060
2 -9 1 e0bc34
3 -9 1 e0bc34
4 -9 1 e0bc34
5 -9 1 d8a820
6 -9 1 d8a820
0 -8 1 f0e060
1 -8 1 e8d04c
2 -8 1 e8d04c
3 -8 1 e8d04c
5 -8 1 d8a820
6 -8 1 d8a820
0 -7 1 f0e060
1 -7 1 e8d04c
2 -7 1 e8d04c
3 -7 1 e8d04c
5 -7 1 e0bc34
6 -7 1 e0bc34
0 -6 1 f8f074
1 -6 1 f8f074
5 -6 1 e0bc34
6 -6 1 e0bc34
0 -5 1 f8f074
1 -5 1 f8f074
5 -5 1 e0bc34
6 -5 1 e0bc34
