0 2 0 ffffff
1 2 0 ffffff
0 3 0 ffffff
1 3 0 ffffff
0 4 0 ffffff
1 4 0 ffffff
2 4 0 d95763
3 4 0 d95763
4 4 0 d95763
5 4 0 8f974a
6 4 0 8f974a
7 4 0 8f974a
0 5 0 df7126
1 5 0 df7126
2 5 0 d95763
3 5 0 d95763
4 5 0 d95763
5 5 0 8f974a
6 5 0 8f974a
7 5 0 8f974a
0 6 0 df7126
1 6 0 df7126
0 7 0 df7126
1 7 0 df7126
0 2 1 fbf236
1 2 1 fbf236
0 3 1 fbf236
1 3 1 fbf236
0 4 1 fbf236
1 4 1 fbf236
2 4 1 99e550
3 4 1 99e550
4 4 1 99e550
5 4 1 3f3f74
6 4 1 3f3f74
7 4 1 3f3f74
0 5 1 3f3f74
1 5 1 3f3f74
2 5 1 99e550
3 5 1 99e550
4 5 1 99e550
5 5 1 3f3f74
6 5 1 3f3f74
7 5 1 3f3f74
0 6 1 3f3f74
1 6 1 3f3f74
0 7 1 3f3f74
1 7 1 3f3f74
